1, id 07-Nouveau-diable;
2, 0.928266 0.090706 0.939534;
3, 0.928670 -0.088785 0.956919;
4, 0.929074 -0.026888 0.877201;
5, 0.929477 0.024320 0.937200;
6, 0.929881 0.014771 0.963648;
7, 0.930284 0.013634 0.957730;
8, 0.930688 0.025079 0.939120;
9, 0.931092 0.012178 0.945736;
10, 0.931495 0.005965 0.950587;
11, 0.931899 -0.002188 0.947370;
12, 0.932302 0.003488 0.915780;
13, 0.932706 -0.022788 0.899024;
14, 0.933110 -0.032149 0.879688;
15, 0.933513 -0.034047 0.870719;
16, 0.933917 -0.038100 0.872953;
17, 0.934320 -0.041673 0.862608;
18, 0.934724 -0.011382 0.889921;
19, 0.935128 -0.013653 0.928740;
20, 0.935531 -0.019964 0.915951;
21, 0.935935 -0.028054 0.872189;
22, 0.936338 -0.051000 0.815028;
23, 0.936742 0.001256 0.755286;
24, 0.937145 0.239248 0.611668;
25, 0.937549 1.767515 0.123429;
26, 0.937953 2.458304 -0.172008;
27, 0.938356 2.420434 -0.125446;
28, 0.938760 2.249205 -0.062261;
29, 0.939163 1.583159 -0.094504;
30, 0.939567 0.273177 -0.195656;
31, 0.939971 -0.634272 -0.330653;
32, 0.940374 -0.701131 -0.276158;
33, 0.940778 -0.175465 0.057822;
34, 0.941181 0.621627 0.353386;
35, 0.941585 1.536540 0.386712;
36, 0.941989 1.653317 0.275241;
37, 0.942392 1.140205 0.299805;
38, 0.942796 1.576443 0.335205;
39, 0.943199 1.646495 0.552436;
40, 0.943603 1.165014 0.706510;
41, 0.944007 -0.297472 0.895115;
42, 0.944410 -0.906230 0.839584;
43, 0.944814 -0.957350 0.499065;
44, 0.945217 -0.971017 0.230286;
45, 0.945621 -1.207229 0.363499;
46, 0.946025 -0.684940 0.669783;
47, 0.946428 -0.154902 1.079253;
48, 0.946832 0.006864 1.280040;
49, 0.947235 -0.139063 1.123824;
50, 0.947639 -0.052392 0.715259;
51, 0.948043 0.065942 0.839071;
52, 0.948446 0.050133 0.901073;
53, 0.948850 -0.002091 0.864682;
54, 0.949253 -0.045581 0.826920;
55, 0.949657 -0.100118 0.740515;
56, 0.950060 -0.040934 0.771290;
57, 0.950464 -0.000684 0.863248;
58, 0.950868 0.014136 0.938608;
59, 0.951271 0.003294 0.949804;
60, 0.951675 -0.003308 0.931598;
61, 0.952078 -0.004697 0.923811;
62, 0.952482 -0.001334 0.930875;
63, 0.952886 -0.002480 0.934945;
64, 0.953289 -0.003964 0.941213;
65, 0.953693 -0.003743 0.941594;
66, 0.954096 -0.002086 0.943169;
67, 0.954500 -0.001818 0.946562;
68, 0.954904 -0.004293 0.938832;
69, 0.955307 -0.013097 0.957654;
70, 0.955711 -0.046873 1.062133;
71, 0.956114 -0.052688 1.102948;
72, 0.956518 -0.058381 0.979120;
73, 0.956922 0.070408 0.667542;
74, 0.957325 0.098939 0.398722;
75, 0.957729 -0.025986 -0.058269;
76, 0.958132 -0.269608 -0.752548;
77, 0.958536 -0.282159 -0.800556;
78, 0.958940 -0.628399 -0.233819;
79, 0.959343 -1.251454 0.215416;
80, 0.959747 -1.986882 0.358524;
81, 0.960150 -2.000113 0.326179;
82, 0.960554 -1.999706 0.212105;
83, 0.960958 -1.138555 0.321947;
84, 0.961361 0.832301 0.566869;
85, 0.961765 2.666389 0.196721;
86, 0.962168 2.863000 0.110178;
87, 0.962572 2.750490 0.306018;
88, 0.962976 2.583106 0.459430;
89, 0.963379 2.293996 0.613787;
90, 0.963783 1.062413 0.944754;
91, 0.964186 -0.311420 1.059094;
92, 0.964590 -1.284695 0.710435;
93, 0.964993 -1.474573 0.408015;
94, 0.965397 -1.390539 0.224370;
95, 0.965801 -1.438396 0.043768;
96, 0.966204 -1.510986 -0.105467;
97, 0.966608 -0.862387 -0.027181;
98, 0.967011 1.359292 0.175006;
99, 0.967415 2.385462 0.291645;
100, 0.967819 2.331263 0.309155;
101, 0.968222 2.069855 0.360417;
102, 0.968626 1.857046 0.389182;
103, 0.969029 0.524769 0.614916;
104, 0.969433 0.065769 0.790374;
105, 0.969837 0.069611 0.922463;
106, 0.970240 0.002438 0.915952;
107, 0.970644 -0.006167 0.934292;
108, 0.971047 -0.011134 0.912205;
109, 0.971451 0.007198 0.912212;
110, 0.971855 0.006358 0.924638;
111, 0.972258 0.001339 0.928280;
112, 0.972662 -0.005499 0.941792;
113, 0.973065 -0.010788 0.942837;
114, 0.973469 -0.014089 0.937388;
115, 0.973873 -0.009486 0.932816;
116, 0.974276 -0.009367 0.933398;
117, 0.974680 -0.010119 0.937395;
118, 0.975083 -0.007565 0.937669;
119, 0.975487 -0.007432 0.943133;
120, 0.975891 -0.009309 0.956814;
121, 0.976294 -0.003326 0.963137;
122, 0.976698 -0.001715 0.953991;
123, 0.977101 0.001638 0.965096;
124, 0.977505 0.000499 0.978168;
125, 0.977908 0.009087 0.983673;
126, 0.978312 0.006086 0.993950;
127, 0.978716 0.002835 0.980949;
128, 0.979119 0.009570 0.956214;
129, 0.979523 -0.002914 0.942579;
130, 0.979926 -0.006873 0.930101;
131, 0.980330 -0.003750 0.933044;
132, 0.980734 -0.004416 0.937854;
133, 0.981137 0.009192 0.942779;
134, 0.981541 0.020015 0.932314;
135, 0.981944 0.003539 0.935207;
136, 0.982348 0.000194 0.935178;
137, 0.982752 -0.005753 0.943165;
138, 0.983155 -0.012908 0.946837;
139, 0.983559 -0.010664 0.939933;
140, 0.983962 -0.006235 0.940433;
141, 0.984366 -0.004000 0.942021;
142, 0.984770 -0.002628 0.937020;
143, 0.985173 -0.001289 0.940124;
144, 0.985577 -0.000918 0.943456;
145, 0.985980 -0.001589 0.935282;
146, 0.986384 -0.000373 0.939177;
147, 0.986788 0.000047 0.942603;
148, 0.987191 -0.002397 0.937535;
149, 0.987595 -0.000772 0.935368;
150, 0.987998 0.000394 0.934470;
151, 0.988402 0.000862 0.934083;
