1, id 07-Nouveau-diable;
2, 0.928266 0.092671 1.007124;
3, 0.928670 -0.104393 1.048726;
4, 0.929074 -0.062250 0.917911;
5, 0.929477 -0.000648 0.967794;
6, 0.929881 0.007556 0.981433;
7, 0.930284 0.005113 0.957971;
8, 0.930688 0.011365 0.946538;
9, 0.931092 0.006064 0.928249;
10, 0.931495 -0.004198 0.917273;
11, 0.931899 -0.010663 0.924270;
12, 0.932302 -0.003994 0.938546;
13, 0.932706 -0.001811 0.948089;
14, 0.933110 -0.006036 0.949045;
15, 0.933513 -0.016209 0.934178;
16, 0.933917 -0.015588 0.918998;
17, 0.934320 -0.013070 0.920256;
18, 0.934724 0.000396 0.942212;
19, 0.935128 0.011511 0.947380;
20, 0.935531 0.001620 0.929075;
21, 0.935935 -0.018903 0.886592;
22, 0.936338 -0.065946 0.834961;
23, 0.936742 0.007675 0.750405;
24, 0.937145 0.347857 0.642203;
25, 0.937549 1.626271 0.279646;
26, 0.937953 2.146759 -0.022470;
27, 0.938356 2.133287 -0.072642;
28, 0.938760 2.165622 -0.177296;
29, 0.939163 1.959958 -0.218512;
30, 0.939567 1.216850 -0.171230;
31, 0.939971 0.049084 -0.185568;
32, 0.940374 -0.367381 -0.313475;
33, 0.940778 -0.276525 -0.191612;
34, 0.941181 -0.116457 -0.007706;
35, 0.941585 0.418802 0.246089;
36, 0.941989 0.878567 0.439199;
37, 0.942392 0.912812 0.593524;
38, 0.942796 0.877580 0.672480;
39, 0.943199 0.322952 0.766764;
40, 0.943603 -0.547541 0.774634;
41, 0.944007 -1.015447 0.605999;
42, 0.944410 -1.450162 0.561722;
43, 0.944814 -1.421464 0.407103;
44, 0.945217 -1.298679 0.260325;
45, 0.945621 -1.224515 0.482163;
46, 0.946025 -0.329804 0.649796;
47, 0.946428 1.113741 0.649942;
48, 0.946832 2.063294 0.681951;
49, 0.947235 2.088293 0.621515;
50, 0.947639 1.571046 0.619376;
51, 0.948043 0.185296 0.882471;
52, 0.948446 -0.233885 0.798916;
53, 0.948850 -0.146475 0.799375;
54, 0.949253 -0.034160 0.878141;
55, 0.949657 -0.020326 0.893230;
56, 0.950060 0.005165 0.888152;
57, 0.950464 -0.011958 0.903899;
58, 0.950868 -0.017100 0.931321;
59, 0.951271 -0.030849 0.950561;
60, 0.951675 -0.018866 0.955321;
61, 0.952078 -0.003377 0.943533;
62, 0.952482 0.007859 0.943989;
63, 0.952886 0.002207 0.937648;
64, 0.953289 0.007959 0.924770;
65, 0.953693 0.007374 0.902154;
66, 0.954096 -0.005393 0.918002;
67, 0.954500 -0.002199 0.923578;
68, 0.954904 -0.006838 0.916327;
69, 0.955307 0.002428 0.939614;
70, 0.955711 -0.005192 0.969898;
71, 0.956114 0.000737 0.921125;
72, 0.956518 -0.001691 0.811117;
73, 0.956922 0.087068 0.584165;
74, 0.957325 0.160790 0.165290;
75, 0.957729 0.009539 -0.280390;
76, 0.958132 -0.353851 -0.578932;
77, 0.958536 -0.784957 -0.391634;
78, 0.958940 -1.355148 0.097699;
79, 0.959343 -1.954569 0.224957;
80, 0.959747 -1.989180 0.069907;
81, 0.960150 -1.807807 0.176195;
82, 0.960554 -1.832520 -0.007812;
83, 0.960958 -1.300143 -0.075596;
84, 0.961361 0.302969 0.333817;
85, 0.961765 2.048115 0.452312;
86, 0.962168 2.440223 0.149001;
87, 0.962572 2.322710 0.216132;
88, 0.962976 2.312806 0.375635;
89, 0.963379 2.203333 0.478873;
90, 0.963783 1.257797 0.804460;
91, 0.964186 0.472339 1.556287;
92, 0.964590 -0.002593 1.728727;
93, 0.964993 -0.518571 1.454937;
94, 0.965397 -0.908422 1.071994;
95, 0.965801 -1.072253 0.787006;
96, 0.966204 -0.917641 0.855160;
97, 0.966608 -0.309478 1.084446;
98, 0.967011 0.029992 0.724719;
99, 0.967415 0.412913 0.414595;
100, 0.967819 1.059002 0.165827;
101, 0.968222 1.434428 0.023057;
102, 0.968626 1.322918 0.049507;
103, 0.969029 0.370432 0.580595;
104, 0.969433 0.064805 0.787692;
105, 0.969837 0.028683 0.902692;
106, 0.970240 0.037027 0.922721;
107, 0.970644 0.015562 0.944432;
108, 0.971047 -0.001408 0.950409;
109, 0.971451 -0.008200 0.941036;
110, 0.971855 -0.024166 0.947559;
111, 0.972258 -0.025080 0.934089;
112, 0.972662 -0.017650 0.947315;
113, 0.973065 -0.018241 0.957835;
114, 0.973469 -0.017989 0.965500;
115, 0.973873 -0.013453 0.961855;
116, 0.974276 -0.013667 0.957436;
117, 0.974680 -0.013109 0.961353;
118, 0.975083 -0.013188 0.935051;
119, 0.975487 -0.006359 0.929149;
120, 0.975891 -0.005051 0.935645;
121, 0.976294 -0.000198 0.936949;
122, 0.976698 -0.001162 0.942037;
123, 0.977101 0.007819 0.947163;
124, 0.977505 0.008790 0.957467;
125, 0.977908 0.023879 0.957968;
126, 0.978312 0.026694 0.957765;
127, 0.978716 0.021594 0.955085;
128, 0.979119 0.023517 0.954918;
129, 0.979523 0.010990 0.943187;
130, 0.979926 -0.003841 0.928389;
131, 0.980330 -0.009842 0.924687;
132, 0.980734 -0.024495 0.940508;
133, 0.981137 -0.019063 0.952247;
134, 0.981541 -0.003547 0.950121;
135, 0.981944 -0.004409 0.946715;
136, 0.982348 -0.004503 0.946357;
137, 0.982752 -0.008200 0.951137;
138, 0.983155 -0.014098 0.959733;
139, 0.983559 -0.015920 0.963154;
140, 0.983962 -0.013684 0.960652;
141, 0.984366 -0.010559 0.957352;
142, 0.984770 -0.008781 0.951991;
143, 0.985173 -0.007031 0.951924;
144, 0.985577 -0.005506 0.951087;
145, 0.985980 -0.007608 0.947893;
146, 0.986384 -0.006831 0.948842;
147, 0.986788 -0.006219 0.948967;
148, 0.987191 -0.008885 0.953495;
149, 0.987595 -0.008209 0.952786;
150, 0.987998 -0.008228 0.952997;
151, 0.988402 -0.007908 0.952759;
